32 26 58
15 44 48
7 26 63
36 43 4
19 43 29
36 17 95
40 0 17
35 32 87
47 5 1
30 15 39
30 26 28
1 29 66
39 27 69
13 10 81
28 6 97
21 16 19
48 38 38
30 17 79
8 27 64
45 2 17
6 34 94
23 24 94
21 42 22
45 34 80
35 48 64
11 18 49
26 27 11
29 23 26
21 26 72
40 32 82
40 6 57
46 13 72
11 41 94
0 27 35
5 19 100
45 22 64
49 1 78
19 41 94
43 19 98
40 20 86
8 24 69
0 21 79
37 45 9
18 34 76
39 24 24
46 3 5
15 20 72
1 25 70
4 35 92
34 25 27
17 15 2
11 0 42
25 41 17
27 9 43
43 44 76
17 35 72
2 31 39
22 28 17
1 10 92
22 33 15
33 28 91
7 18 70
2 7 42
24 23 90
3 39 18
36 48 20
14 34 25
18 25 38
47 15 77
39 24 1
22 38 34
16 37 47
22 30 94
21 22 48
22 28 69
43 29 27
33 25 73
29 40 99
7 37 67
20 0 66
32 23 47
16 19 28
39 45 6
43 3 68
16 40 68
4 19 20
8 49 66
34 27 68
0 9 3
9 33 100
22 24 88
21 42 39
34 1 81
25 6 5
2 32 15
34 32 49
15 13 63
15 12 35
19 33 80
48 20 45
